
## common

n_sim    <-1000

n_total  <- 900

corr     <- 0.2

n_Xobs   <-  10

p_dichot <- 0.7

n_Xunk   <-   2


## Scenario 1

# beta  <- c(4, 3, 3, 2, 2, 2, 1, 1, 1, 1, 0, 0)

# alpha <- c(4, 3, 3, 2, 2, 2, 1, 1, 1, 1, 0, 0)


## Scenario 2

beta  <- c(4, 3, 2, 3, 2, 1, 2, 1,-1, 1, 0, 0)

alpha <- c(4, 3, 3, 2, 2, 2, 1, 1, 1, 1, 0, 0)


## Scenario 3

# beta  <- c(3, 2, 4,-3, 1, 1, 2,-2, 1,-1, 0, 0)

# alpha <- c(4, 3, 3, 2, 2, 2, 1, 1, 1, 1, 0, 0)

## ---